--id_pos--	--id_domain--
0	0
1	0
5	0
0	1
1	1
5	1
0	2
1	2
5	2
0	3
1	3
5	3
0	4
1	4
5	4
0	5
1	5
5	5
0	6
1	6
5	6
0	7
1	7
5	7
0	8
1	8
5	8
0	9
1	9
5	9
0	10
1	10
5	10
0	11
1	11
5	11
0	12
1	12
5	12
0	13
1	13
5	13
0	14
1	14
5	14
0	15
1	15
5	15
0	16
1	16
5	16
0	17
1	17
5	17
0	18
1	18
5	18
0	19
1	19
5	19
0	20
1	20
5	20
0	21
1	21
5	21
0	22
1	23
5	24
0	25
1	25
5	25
0	26
1	26
5	26
0	27
1	27
5	27
0	28
1	28
5	28
0	29
1	29
5	29
0	30
1	30
5	30
0	31
1	31
5	31
0	32
1	32
5	32
0	33
1	33
5	33
0	34
1	34
5	34
0	35
1	35
5	35
0	36
1	36
5	36
0	37
1	37
5	37
0	38
1	38
5	38
0	39
1	39
5	39
0	40
1	40
5	40
0	41
1	41
5	41
0	42
1	42
5	42
0	43
1	43
5	43
0	44
1	44
5	44
0	45
1	45
5	45
0	46
1	46
5	46
0	47
1	47
5	47
0	48
1	48
5	48
0	49
1	49
5	49
